25
109
266
357
396
414
430
445
468
475
527
625
773
802
838
839
863
910
912
1022
1031
1052
1073
1081
1085
1087
1113
1137
1207
1264
1267
1269
1271
1282
1284
1305
1323
1329
1333
1342
1349
1352
1353
1420
1427
1451
1454
1626
1654
1680
1699
1743
1744
1760
1803
1806
1824
1830
1834
1840
1874
1877
1903
1925
1928
1982
2032
2067
2070
2073
2089
2101
2118
2127
2166
2290
2446
2490
2523
2541
3033
3076
3654
3782
3955
3968
4003
4006
4091
4464
4496
4504
4729
4736
4745
4753
4769
4852
5169
5223
5317
5330
5332
5350
5387
5530
5621
5754
5790
5818
6083
6085
6159
6173
6174
6177
6178
6186
6194
6373
6459
6528
6549
6553
6577
6681
6696
6740
6752
6766
6783
6786
6811
6818
6843
6846
7003
7004
7045
7227
7237
7286
7308
7351
7362
7428
7497
7498
7506
7510
7511
7518
7524
7526
7527
7528
7535
7543
7553
7554
7555
7600
7604
7608
7618
7619
7623
7627
7630
7642
7643
7644
7659
7663
7665
7671
7672
7675
7703
7704
7706
7710
7713
7734
7751
7752
7755
7767
7769
7773
7774
7776
7778
7779
7801
7817
7826
7828
7832
7860
7861
7863
7864
7867
7872
7873
7874
7899
7909
7918
7928
7929
7936
7937
7940
7941
7945
7947
7949
7956
7961
7986
7989
7993
8001
8007
8011
8012
8015
8021
8028
8038
8041
8043
8053
8054
8056
8057
8065
8068
8069
8072
8075
8080
8081
8082
8085
8086
8088
8093
8097
8100
8103
8112
8118
8122
8127
8128
8130
8151
8163
8166
8168
8180
8183
8189
8357
8448
8506
8508
8509
8512
8514
8519
8524
8527
8532
8537
8612
8614
8624
8625
8632
8643
8709
8750
8769
8830
8831
8840
8847
8850
8854
8867
8869
8877
8886
8898
8900
8901
8903
8922
8924
8930
8931
8933
8935
8940
8941
8945
8948
8956
9123
9124
9162
9253
9296
9346
9396
9514
9523
9524
9526
9557
9573
9584
9597
9623
9653
9750
9751
9753
9771
9772
9775
9776
9777
9778
9796
9906
10019
10127
10385
10396
10435
10447
10448
10532
10559
10613
10654
10659
10663
10761
10804
10884
10908
10966
11437
11445
11461
11466
11467
11468
11475
11476
11506
11517
11606
11614
11645
11652
11987
12031
12097
12136
12206
12368
12421
12485
12501
12506
12509
12528
12546
12583
12657
12937
12950
13017
13071
13200
13266
13273
13275
13307
13333
13344
13350
13368
13370
13397
13409
13419
13426
13438
13512
13794
13921
14006
14039
14233
14276
14298
14306
14312
14333
14339
14341
14462
14577
14662
14688
14962
15035
15067
15430
15648
15706
15708
15825
16062
16183
16300
16304
16457
16567
16569
16572
16576
16589
16599
16616
16625
16635
16645
16659
16689
16695
16715
16770
16986
16989
17000
17003
17006
17016
17078
17084
17100
17101
17209
17265
17340
17346
17412
17458
17492
17502
17542
17599
17666
17673
17714
17947
18026
18027
18029
18051
18091
18204
18310
18339
18384
18411
18441
18533
18547
18555
18568
18865
19352
19354
19449
19644
19708
19709
20007
20119
20383
20386
20408
20410
20570
20911
21238
21284
21303
21354
21480
21535
21635
21650
21693
21697
21703
21792
21817
21909
21974
22091
22132
22166
22212
22400
22402
22407
22498
22653
22705
22770
22892
22902
22903
22904
22932
22947
22948
22976
22985
23051
23080
23100
23132
23137
23138
23139
23142
23147
23173
23175
23183
23187
23194
23195
23214
23215
23216
23223
23245
23260
23264
23298
23325
23355
23373
23443
23456
23478
23509
23514
23574
23576
23644
23666
23805
23819
23855
23862
23875
23914
23944
24113
24125
24131
24135
24148
24172
24174
24178
24179
24185
24186
24187
24192
24194
24204
24206
24207
24210
24222
24223
24231
24241
24244
24259
24283
24284
24285
24286
24287
24291
24292
24297
24298
24301
24307
24309
24310
24311
24324
24326
24339
24343
24360
24365
24366
24376
24381
24382
24384
24386
24410
24411
24412
24416
24417
24418
24422
24423
24435
24437
24442
24465
24475
24476
24486
24487
24488
24491
24496
24507
24525
24541
24552
24562
24565
24584
24589
24598
24602
24603
24604
24627
24631
24642
24650
24652
24665
24666
24668
24703
24710
24721
24726
24727
24730
24731
24746
24749
25232
25243
25253
25254
25306
25338
25464
25572
25573
25588
25613
25659
25698
25738
25771
25772
25774
25792
25799
25800
25801
25861
25938
25953
26045
26048
26080
26178
26288
26318
26323
26368
26419
26421
26423
26524
26532
26684
26713
26819
26895
26901
26903
26912
26913
26914
26933
26968
26970
26971
26982
26992
27010
27065
27116
27153
27158
27175
27198
27248
27250
27272
27273
27340
27501
27545
27646
27674
27758
27763
27782
27830
27845
27847
27859
27875
27891
27927
27939
27961
28025
28047
28058
28075
28086
28091
28103
28134
28137
28147
28192
28215
28219
28220
28221
28222
28223
28234
28236
28242
28254
28269
28276
28277
28278
28279
28281
28282
28289
28293
28294
28296
28297
28300
28332
28345
28346
28349
28355
28360
28373
28381
28409
28410
28471
28478
28479
28533
28686
28690
28771
28931
29017
29136
29145
29186
29209
29212
29286
29428
29441
29442
29457
29474
29691
29697
29714
29792
29974
29979
30003
30014
30177
30215
30295
30342
30473
30536
30537
30638
30666
30698
30716
30873
30889
30892
30896
30898
30905
30930
30948
30993
31041
31088
31098
31204
31205
31261
31263
31270
31281
31312
31324
31333
31367
31377
31439
31448
31461
31471
31477
31478
31507
31510
31513
31537
31602
31604
31693
31696
31707
31733
31779
31785
31786
31823
31907
31912
31928
32024
32054
32063
32188
32284
32396
32493
32512
32648
32796
32811
32812
32857
32858
32903
33062
33098
33106
33136
33157
33161
33177
33178
33251
33353
33399
33414
33466
33484
33522
33555
33696
33731
33792
33844
33967
34334
34373
34417
34474
34570
34610
34840
34852
34885
34969
35064
35197
35206
35245
35335
35373
35531
35572
35577
35583
35589
35601
35615
35622
35638
35720
35722
35734
35745
35764
35767
35796
35830
35831
35838
35847
35919
35937
35990
36071
36073
36095
36112
36211
36217
36258
36260
36261
36262
36319
36321
36334
36338
36341
36342
36352
36354
36388
36428
36444
36445
36446
36471
36486
36497
36511
36512
36549
36560
36565
36686
36705
36779
36828
36865
36882
36896
36998
37023
37026
37028
37030
37031
37054
37058
37378
37379
37384
37589
37825
37829
37840
37895
37991
38140
38295
38325
38719
39002
39025
39040
39042
39047
39048
39055
39061
39065
39068
39069
39071
39073
39077
39088
39127
39135
39158
39186
39189
39246
39255
39264
39266
39286
39291
39297
39298
39299
39301
39310
39311
39312
39313
39314
39315
39316
39317
39318
39319
39320
39326
39335
39339
39354
39356
39372
39373
39376
39381
39414
39417
39421
39437
39444
39448
39450
39468
39472
39473
39475
39476
39479
39486
39489
39493
39506
39507
39511
39522
39523
39527
39532
39533
39535
39544
39550
39554
39557
39562
39638
39641
39643
39644
39657
39660
39664
39665
39666
39668
39672
39674
39679
39680
39681
39685
39688
39689
39690
39693
39697
39700
39701
39703
39733
39743
39751
39811
39822
39863
39867
39876
39888
39889
39892
39898
39901
39903
39908
39909
39914
39917
39919
39937
39938
39947
39948
39949
39953
39957
39959
39960
39965
39967
39969
39973
39978
39986
39987
39994
39998
39999
40006
40019
40034
40051
40068
40074
40075
40076
40080
40082
40085
40087
40121
40127
40128
40129
40146
40152
40158
40159
40199
40203
40206
40207
40208
40217
40226
40228
40231
40232
40262
40281
40306
40308
40319
40511
40517
40555
40580
40588
41004
41013
41014
41018
41101
41121
41140
41257
41327
41328
41399
41411
41416
41419
41426
41825
42012
42126
42199
42422
42808
42831
42877
42920
43060
43139
43160
43179
43180
43190
43214
43223
43236
43270
43276
43277
43311
43318
43324
43329
43399
43406
43415
43418
43420
43426
43440
43449
43452
43541
43642
43667
43683
43757
43766
43954
44097
44105
44115
44172
44176
44184
44189
44190
44191
44194
44235
44240
44244
44269
44271
44276
44288
44306
44348
44352
44362
44370
44375
44384
44424
44457
44484
44548
44560
44574
44623
44628
44644
44659
44664
44671
44674
44686
44692
44695
44696
44700
44706
44714
44728
44736
44741
44743
44776
44791
44824
44844
44853
44939
44948
44955
44973
45002
45021
45047
45180
45305
45406
45539
45564
45577
45636
45669
45727
45846
46330
46472
46520
46673
46773
46868
46972
47061
47165
47255
47587
47663
47697
47714
47831
47891
48075
48076
48086
48156
48190
48280
48281
48344
48426
48461
48465
48505
48506
48510
48513
48514
48601
48605
48689
48694
48715
48783
48800
49057
49174
49185
49336
49337
49354
49410
49449
49528
49535
49597
49712
49797
49817
49836
49842
49878
49909
49916
50009
50012
50050
50053
50058
50073
50074
50101
50115
50133
50236
50244
50268
50295
50403
50405
50421
50431
50434
50439
50449
50456
50461
50466
50467
50574
50585
50649
50716
50717
50857
50861
50895
50900
50959
50974
51024
51043
51048
51346
51433
51459
51518
51530
51561
51791
52046
52089
52303
52510
52552
52671
52750
53017
53074
53168
53294
53295
53330
53383
53491
53554
53556
53661
53753
53764
53929
54156
54175
54289
54313
54421
54433
54463
54468
54502
54541
54549
54560
54565
54617
54713
54724
54782
54879
54959
55012
55065
55076
55085
55089
55103
55142
55146
55168
55181
55192
55205
55207
55223
55291
55297
55307
55328
55364
55428
55450
55477
55491
55537
55571
55574
55583
55678
55744
56053
56192
56316
56771
56865
56951
56962
56969
56995
57013
57036
57101
57114
57139
57371
57427
57448
57485
57706
57712
57722
57773
57785
57814
57966
58093
58096
58106
58109
58222
58244
58250
58332
58372
58373
58443
58453
58465
58467
58495
58507
58510
58511
58526
58535
58621
58698
58726
58757
58800
58855
58866
58878
58879
58882
58894
58912
58914
58938
58943
58944
58947
58950
58951
58957
58959
58961
58962
58964
58965
58970
58982
58990
58995
58997
58998
58999
59008
59011
59016
59018
59022
59026
59040
59047
59062
59070
59073
59083
59116
59126
59150
59161
59164
59175
59183
59202
59211
59216
59218
59219
59221
59232
59234
59235
59240
59242
59244
59253
59254
59255
59258
59259
59261
59270
59272
59283
59284
59312
59338
59349
59366
59374
59376
59485
59631
59753
59806
59856
59869
59870
59875
59885
59931
59932
59975
59989
60006
60018
60066
60217
60654
61097
61261
61371
61374
61482
61598
61742
61761
61768
61832
61847
61855
61857
61871
61878
61896
61902
61913
61914
61915
61916
61917
61918
61919
61922
61924
61930
61945
61949
61955
61956
61963
61964
61967
61969
61983
61994
61995
61997
62003
62009
62010
62015
62025
62027
62028
62031
62054
62055
62059
62069
62072
62082
62099
62146
62147
62148
62155
62161
62169
62198
62204
62206
62210
62216
62226
62230
62233
62241
62245
62246
62471
62480
62494
62496
62514
62524
62536
62543
62565
62570
62589
62601
62618
62622
62627
62643
62734
62911
62923
63092
63292
63296
63299
63303
63307
63308
63312
63318
63328
63331
63332
63333
63343
63366
63370
63382
63402
63421
63434
63436
63437
63439
63463
63487
63505
63542
63545
63564
63573
63632
63656
63666
63670
63719
63720
63759
63760
63806
63815
63821
63823
63857
63858
63865
63941
63948
63961
64017
64040
64060
64067
64085
64204
64249
64382
64395
64498
64502
64574
64701
64728
64902
65041
65090
65101
65124
65173
65203
65239
65249
65332
65347
65364
65413
65424
65436
65437
65459
65460
65628
65665
65715
65794
65846
65969
66006
66028
66046
66070
66100
66123
66133
66135
66137
66138
66140
66141
66145
66159
66181
66183
66189
66196
66212
66219
66225
66234
66265
66266
66298
66368
66372
66476
66602
66698
66727
66738
66823
66888
66904
66937
67120
67398
67401
67468
67522
67650
67709
67728
67756
67791
67794
67861
67862
67891
67987
68004
68045
68110
68190
68295
68345
68383
68435
68548
68557
68602
68843
68863
68889
68944
69012
69109
69157
69414
69483
69558
69595
69640
69688
69765
69918
69922
70017
70108
70252
70522
70595
70629
70802
71002
71004
71146
71159
71185
71272
71495
71553
71564
71627
71716
71732
71734
71805
71836
71840
71848
71849
71902
71914
72149
72161
72181
72183
72268
72317
72625
72674
72684
72743
72755
72763
72793
72837
73032
73036
73256
73274
73286
73303
73415
73472
73524
73528
73573
73574
73579
73583
73601
73616
73670
73677
73695
73698
73774
73788
73884
73892
73897
73900
73905
73930
73933
73944
73980
74033
74044
74046
74059
74073
74098
74119
74177
74195
74247
74267
74274
74350
74371
74446
74606
74614
74643
74657
74666
74675
74682
74756
74757
74761
74766
74767
74768
74769
74790
74792
74817
74844
74847
74848
74871
74884
74890
74903
74907
74912
74913
74948
74983
74984
75037
75040
75041
75046
75058
75063
75237
75246
75269
75270
75279
75288
75341
75344
75374
75407
75449
75461
75465
75471
75478
75481
75503
75506
75515
75527
75549
75570
75585
75641
75671
75679
75680
75681
75684
75692
75748
75763
75773
75829
75964
76041
76050
76053
76089
76099
76106
76137
76139
76154
76162
76204
76211
76212
76229
76230
76245
76253
76257
76328
76689
76736
76763
76850
77309
77356
77361
77390
77397
77416
77430
77486
77549
77552
77554
77555
77559
77560
77566
77568
77578
77589
77590
77591
77592
77599
77620
77636
77644
77649
77650
77654
77656
77660
77667
77668
77676
77679
77680
77688
77698
77714
77716
77786
78015
78020
78087
78089
78111
78142
78147
78156
78157
78186
78188
78191
78194
78195
78196
78197
78198
78201
78203
78204
78206
78207
78210
78214
78215
78217
78226
78227
78246
78255
78272
78283
78284
78293
78300
78308
78323
78324
78326
78330
78334
78337
78339
78340
78365
78371
78373
78377
78380
78386
78399
78402
78413
78425
78444
78447
78449
78458
78471
78473
78474
78480
78483
78488
78496
78559
78667
78685
78767
78923
79034
79081
79104
79126
79127
79260
79267
79376
79411
79416
79601
79755
79765
79767
79775
79835
79892
79910
79924
79976
79986
80063
80142
80176
80246
80265
80301
80403
80406
80410
80424
80481
80547
80568
80656
80732
80807
81098
81105
81111
81145
81161
81168
81173
81248
81289
81351
81446
81749
81796
81841
81924
81947
81967
81985
82009
82032
82045
82093
82146
82393
82454
82541
82563
82606
82785
82834
82869
82876
82877
82880
82893
82964
82979
82987
83015
83016
83018
83019
83020
83035
83070
83120
83189
83221
83463
83555
83606
83821
83840
83950
84063
84068
84069
84081
84082
84084
84125
84180
84197
84222
84254
84291
84315
84326
84328
84341
84345
84356
84358
84360
84365
84526
84582
84615
84680
84791
84958
84988
85010
85025
85029
85042
85044
85072
85083
85256
85261
85268
85333
85351
85430
85432
85529
85532
85542
85545
85633
85683
85816
85918
86005
86081
86100
86114
86131
86148
86152
86159
86221
86231
86233
86237
86240
86248
86249
86259
86263
86269
86287
86330
86385
86450
86451
86500
86512
86515
86550
86711
86724
86726
86866
86871
86885
86891
86900
86968
87091
87117
87122
87143
87169
87341
87367
87484
87485
87541
87573
87607
87817
87842
87854
87909
87921
87933
87936
87955
87988
88035
88071
88092
88135
88216
88322
88387
88552
88616
88732
88941
88984
89008
89147
89314
89355
89495
89504
89564
89783
89861
89886
89925
90175
90230
90282
90439
90460
90516
90711
90745
90990
91000
91056
91147
91153
91319
91479
91508
91603
91648
91673
91764
91766
91783
91787
91807
91810
91820
91825
91852
91853
91856
91857
91868
91886
91891
91893
91895
91900
91923
92013
92039
92300
92342
92344
92377
92379
92382
92398
92442
92508
92512
92570
92597
92598
92600
92603
92606
92672
92674
92681
92762
92788
92828
92831
92870
92911
92934
92935
92937
92939
92952
93037
93089
93104
93114
93217
93230
93280
93529
93619
93621
93753
93814
93823
93861
93877
93970
94054
94066
94102
94106
94117
94127
94129
94135
94138
94165
94172
94176
94180
94192
94237
94239
94247
94259
94274
94278
94282
94288
94397
94416
94455
94475
94548
94653
94678
94731
94751
94788
94806
94906
94990
95052
95190
95245
95246
95438
95439
95517
95547
95550
95623
95679
95763
96162
96224
96424
96567
96568
96581
96582
96587
96592
96593
96597
96604
96619
96886
96887
96947
96948
96975
97003
97095
97117
97141
97143
97144
97151
97153
97161
97168
97232
97330
97399
97423
97520
97521
97523
97576
97583
97629
97639
97710
97759
97905
98003
98008
98016
98173
98211
98214
98230
98244
98255
98277
98287
98289
98304
98331
98341
98368
98398
98469
98512
98588
98605
98711
98713
98722
98745
98752
98770
98771
98772
98776
98779
98790
98791
98792
98793
98794
98812
98823
98824
98827
98831
98832
98834
98836
98857
98882
98922
99017
99051
99270
99278
99279
99301
99398
99401
99455
99458
99466
99469
99473
99492
99613
99950
100026
100071
100153
100178
100227
100245
100247
100280
100297
100300
100306
100369
100461
100503
100560
100572
100592
100698
100740
100871
101000
101047
101181
101183
101386
101413
101505
101554
101570
101599
101633
101651
101673
101674
101675
101678
101680
101684
101685
101694
101705
101711
101712
101717
101718
101725
101727
101743
101819
101832
102046
102068
102071
102080
102081
102087
102088
102093
102101
102155
102285
102303
102373
102391
102519
102562
102636
102651
102653
102667
102724
102736
102874
103025
103100
103111
103131
103270
103282
103385
103439
103450
103580
103620
103646
103663
103664
103672
103729
103769
103863
103865
103921
103933
103935
103936
103952
104014
104044
104057
104068
104074
104125
104128
104131
104293
104323
104326
104331
104333
104334
104338
104402
104403
104404
104405
104410
104418
104424
104645
104735
104789
104891
104904
104917
105041
105075
105195
105213
105215
105216
105246
105254
105257
105261
105262
105292
105376
105411
105492
105501
105504
105518
105523
105581
105659
105707
105778
105833
105851
105867
105872
105921
105953
106003
106006
106058
106078
106142
106292
106320
106382
106488
106517
106520
106560
106573
106580
