11
14
15
27
33
41
83
85
105
130
180
186
239
251
276
410
418
439
484
485
563
565
652
733
772
821
854
915
1100
1114
1138
1140
1206
1216
1221
1323
1410
1473
1548
1680
1777
1785
1788
1789
1791
1792
1793
1794
1795
1796
1801
1814
1815
1818
1819
1823
1825
1826
1837
1925
2072
2536
2775
3008
3660
3969
4272
4293
4300
4302
4382
4459
4465
4470
4480
4489
4494
4495
4502
4503
4507
4517
4519
4526
4623
4670
4672
4713
4742
4774
4785
4791
4816
4832
4885
4896
4904
4916
4928
4931
5086
5112
5124
5128
5169
5217
5257
5330
5371
5372
5374
5375
5377
5391
5402
5403
5406
5437
5443
5450
5480
5487
5490
5503
5510
5528
5932
6083
6443
6805
6989
7456
7589
7597
7680
7936
8195
8214
8281
8473
8945
9188
9237
9389
9934
10115
10377
10840
10866
10872
10875
10888
11044
11143
11172
11235
11314
11316
11317
11329
11523
11528
11580
11581
11789
11818
11962
11963
11964
11965
11966
11968
11970
11971
12072
12104
12130
12137
12154
12173
12174
12180
12186
12248
12592
12727
12739
12968
13019
13107
13186
13249
13270
13277
13286
13367
13474
13661
13673
13680
13701
13706
13714
13756
13758
13762
13764
13778
13779
13783
13837
13847
13852
13924
13925
13944
14250
14339
14869
14971
15010
15127
15231
15737
16015
16061
16233
16540
16567
16911
17124
17484
18274
18371
18372
18498
18527
18529
18559
18561
18565
18752
18862
19022
19292
19349
19384
20181
20267
20298
20301
20317
20319
20326
20329
20340
20344
20367
20436
20438
20439
20444
20445
20447
20448
20488
20493
20500
20506
20524
20525
20527
20538
20540
20643
20665
21230
21290
21301
21365
21389
21481
21517
21534
21582
21585
21618
21624
21626
21629
21630
21634
21640
21666
21668
21674
21694
21698
21699
21700
21701
21702
21705
21715
21716
21852
21857
21908
21938
21944
22004
22064
22111
22118
22148
22165
22197
22203
22204
22206
22221
22226
22234
22235
22237
22250
22255
22264
22267
22268
22271
22281
22284
22402
22601
22620
22642
22658
22676
22803
22834
22841
22846
22902
22927
23081
23644
23741
24366
24406
24599
24667
24858
24958
25262
25550
25717
25964
26145
26412
26501
26506
26762
26792
26797
26807
27758
27773
27929
27933
27950
28061
28176
28180
28300
29105
29148
29428
29441
29442
29536
29667
29670
29682
29686
29687
29689
29704
29760
29763
29984
29985
29986
29991
29992
29993
29998
29999
30000
30002
30006
30011
30012
30013
30627
30725
30901
30952
31007
31067
31122
31304
31305
31312
31332
31337
31348
31453
31454
31485
31506
31508
31512
31520
31534
31536
31566
31671
31708
31733
31763
31923
31970
31979
32049
32061
32157
32208
32259
32504
32639
32887
32890
33243
33300
33345
33532
33549
33569
33770
33819
33842
33863
33881
33882
33884
33894
33895
33896
33897
33899
33900
33904
33951
33989
33991
34005
34006
34034
34038
34727
34730
34791
35073
35075
35222
35431
35681
35838
36112
36474
36681
36690
36709
36722
36999
37000
37017
37025
37045
37212
37914
38410
38977
39240
39350
39359
39436
39713
39741
39825
39827
39834
40075
40080
40732
41121
41189
41518
41531
42286
42355
42749
42751
42792
42879
42881
42919
42931
42932
42933
42954
42956
42960
42991
42992
43012
43028
43029
43039
43059
43132
43136
43137
43138
43141
43150
43151
43216
43275
43280
43288
43291
43300
43301
43302
43304
43309
43310
43315
43316
43349
43543
43701
44251
44254
44296
44363
44366
44367
44463
44538
44696
45275
46298
46339
46341
46342
46343
46345
46346
46348
46353
46354
46356
46357
46360
46373
46377
46379
46380
46410
46411
46448
46474
46492
46528
46565
46575
46576
46744
46757
46784
46793
46853
46854
46857
46863
46864
46911
46965
47008
47142
47144
47146
47153
47206
47210
47255
47368
47409
47427
47438
47453
47579
47612
47623
47639
47653
47697
47807
47977
48155
48164
48195
48207
48217
48227
48228
48232
48299
48302
48334
48344
48349
48385
48391
48394
48404
48409
48442
48524
48683
48689
48851
49271
49337
49353
49425
49438
49554
49622
49659
49682
49762
49775
49808
49814
49896
49925
50061
50152
50248
50295
50544
50773
50786
50813
50835
50888
50894
50958
51052
51061
51063
51079
51113
51203
51205
51211
51236
51341
51595
51766
52064
52067
52081
52082
52127
52128
52129
52204
52206
52208
52212
52220
52225
52421
52672
52810
52908
53171
53589
53647
53733
53841
53974
54261
54269
54442
55029
55348
55380
55679
55685
55688
55700
55704
55706
55711
55973
55978
56305
56416
56480
56637
56825
56892
56929
57557
57560
57596
57623
57798
57865
58102
58200
58619
58952
58970
58990
58995
58997
59063
59141
60036
60080
60367
60540
60545
60739
60861
61027
61046
61062
61069
61072
61073
61074
61075
61091
61096
61098
61103
61143
61157
61160
61192
61194
61195
61198
61208
61247
61273
61274
61292
61296
61297
61305
61306
61307
61309
61310
61313
61315
61326
61328
61329
61331
61332
61400
61402
61407
61410
61411
61412
61413
61415
61418
61420
61422
61423
61425
61432
61433
61448
61549
61589
61599
61617
61676
61705
61713
61745
61755
61756
61802
61872
61951
62498
62546
63205
63396
63529
63530
63532
63533
63540
63556
63558
63559
63560
63562
63563
63566
63569
63570
63577
63682
63685
63686
63687
63688
63689
63690
63805
63815
63895
63907
63911
63935
64289
64334
64901
64902
64924
64970
64995
65025
65280
65312
65430
65588
65594
65654
65683
65854
65903
65907
66251
66493
66574
66619
66774
66778
66784
66804
66829
66830
66833
66844
66862
66872
66885
66886
66887
66890
66894
66897
66912
66937
67190
67356
67389
67463
67604
67738
67762
67768
67831
67882
68024
68052
68076
69666
69739
69885
69959
70223
70283
70312
70317
70515
70537
70783
70841
71155
71335
71344
71349
71362
71364
71518
71562
71694
71697
71706
71710
71753
71794
71893
71920
71923
71928
71936
71982
72317
73111
73171
73433
73448
73669
73710
73924
74047
74071
74364
74368
74370
74542
74649
74667
74737
74738
74746
74805
74819
74821
74904
75128
75376
75461
75475
75506
75550
75585
75700
75934
76176
76223
76477
76776
76858
77057
77080
77318
77364
77814
77909
78042
78252
78288
78520
78564
78584
78601
78602
78610
78612
78613
78636
78640
78655
78736
78752
78794
78870
78887
78908
78941
78956
78999
79027
79091
79177
79228
79278
79290
79294
79299
79395
79410
79422
79432
79573
79581
79582
79593
79610
79613
79614
79615
79617
79675
79688
79846
79898
79925
80010
80123
80215
80247
80301
80349
80417
80477
80519
80580
80610
81480
81512
81537
81539
81575
81584
81585
81586
81587
81593
81594
81595
81653
81660
81661
81668
81752
81783
81787
81788
81811
81821
81822
81825
81827
81828
81829
81831
81833
81875
81947
82007
82066
82093
82101
82165
82265
82555
82576
82606
82964
83357
83559
83612
83615
83616
83699
83719
83720
83722
83723
83840
84498
84527
84546
84590
84591
84593
84612
84761
85046
85070
85261
85961
85963
85966
85994
86072
86078
86218
86230
86238
86240
86287
86500
86596
86671
86726
87039
87155
87157
87240
87462
87788
88178
88185
88246
88254
88277
88356
88369
88400
88446
88649
88650
88653
88654
88709
88790
88792
88794
88797
88825
88880
88894
88901
88905
88908
88910
88912
88913
88935
89074
89125
89451
89560
89647
89692
89706
89798
90048
90105
90336
90356
90672
90875
90970
90972
91000
91501
91663
91810
92147
92474
92536
92611
92641
92789
92933
92942
92950
92963
92965
92975
93116
93209
93210
93213
93214
93216
93614
93624
93647
93676
93693
93719
93732
93759
93919
94092
94194
94637
94729
94730
94758
94764
94872
94907
94948
94952
94956
94970
95045
95614
95616
95622
95641
95751
96022
96030
96031
96043
96161
96212
96214
96215
96274
96294
96296
96299
96347
96367
96493
96586
96831
97363
97405
97406
97571
97572
97593
97595
97599
97693
97757
97933
97949
97950
98121
98333
98336
98351
98397
98449
98796
99017
99240
99251
99252
99259
99276
99727
99729
99731
99736
99760
99809
99893
99999
100001
100033
100218
100219
100280
100769
100844
100855
100857
100859
101022
101108
101126
101204
101970
101977
101978
102001
102004
102005
102008
102025
102027
102028
102049
102055
102062
102075
102307
102310
102311
102335
102363
102368
102600
102700
102740
102744
102860
103223
103404
103747
103847
103852
103855
104057
104069
104388
104457
104463
104474
104506
104546
104565
104608
104674
104718
104854
104898
104900
104912
104917
104933
104997
105134
105147
105166
105167
105294
105297
105464
105490
105581
105670
105803
106043
106056
106093
106118
106132
106247
106267
106273
106297
