77
101
121
153
158
163
173
188
203
204
209
220
236
239
253
254
255
258
260
261
267
288
290
291
296
300
301
313
353
357
359
376
382
394
479
480
482
510
519
522
538
546
547
548
549
552
555
558
559
560
570
572
595
599
612
627
630
651
652
653
654
655
657
658
659
660
661
664
667
668
669
670
672
673
674
677
678
679
683
691
694
699
700
701
702
725
737
744
747
748
750
772
776
778
780
787
788
789
795
796
799
800
816
841
842
846
952
961
1001
1015
1019
1020
1028
1031
1032
1045
1075
1081
1085
1087
1091
1131
1137
1163
1167
1177
1197
1230
1238
1242
1246
1254
1255
1257
1264
1267
1269
1270
1271
1277
1282
1284
1293
1295
1305
1313
1317
1322
1329
1330
1349
1352
1353
1360
1376
1384
1386
1388
1395
1408
1459
1474
1515
1526
1580
1589
1594
1598
1599
1600
1606
1624
1626
1631
1632
1633
1636
1637
1654
1672
1677
1691
1707
1725
1830
1886
2048
2050
2069
2075
2079
2115
2171
2180
3150
3268
3406
3432
3445
3497
3925
4090
4481
4530
4531
4553
4554
4562
4569
4570
4574
4575
4576
4597
4605
4619
4621
4635
4637
4655
4664
4685
4690
4706
4723
4732
4735
4737
4741
4748
4756
4764
4786
4818
4824
4827
4830
4836
4838
4841
4843
4844
4845
4847
4851
4854
4873
4877
4878
4880
4885
4892
4904
4905
4906
4912
4934
4953
4962
4980
4996
5005
5006
5007
5008
5011
5012
5019
5026
5029
5030
5032
5033
5034
5045
5046
5047
5048
5049
5050
5078
5079
5082
5084
5085
5098
5099
5100
5101
5102
5103
5105
5107
5108
5111
5115
5117
5119
5130
5134
5144
5146
5148
5157
5221
5222
5223
5224
5233
5283
5303
5304
5306
5307
5308
5309
5331
5332
5334
5345
5348
5350
5357
5362
5389
5419
5426
5457
5460
5525
5558
5561
5569
5575
5595
5610
5621
5635
5653
5667
5681
5695
5708
5714
5723
5768
5769
5790
5861
6197
6198
6309
6588
6593
7271
7926
8295
8445
8448
8675
8983
9206
9280
9336
9549
9805
10130
10412
10898
10921
11035
11066
11298
11389
11493
11600
11856
12361
12373
12385
12397
12418
12421
12436
12485
12501
12506
12532
12538
12542
12546
12596
12623
12634
12656
12702
12718
12733
12827
12838
12859
12861
12897
12919
12942
12943
13002
13095
13169
13278
13283
13288
13290
13292
13294
13296
13305
13307
13310
13326
13329
13335
13337
13350
13363
13380
13382
13384
13408
13528
13531
13532
13533
13569
13582
13606
13614
13624
13722
13736
13949
14048
14070
14211
14225
14232
14242
14243
14248
14263
14274
14294
14329
14372
14375
14402
14404
14417
14427
14428
14445
14449
14479
14515
14533
14544
14547
14561
14575
14577
14583
14586
14612
14625
14664
14688
14699
14700
14710
14716
14732
14737
14808
14828
14845
14913
14962
14977
15173
15212
15234
15290
15627
15709
15717
15896
15977
16017
16057
16175
16614
16739
16751
16786
16888
16894
17287
17292
17467
17811
17885
17976
18052
18695
18846
18943
19241
19276
19373
19504
19536
19847
20136
20272
20597
20646
20947
21289
21296
21303
21304
21309
21315
21320
21340
21365
21368
21380
21389
21393
21397
21405
21417
21427
21446
21452
21472
21478
21485
21507
21518
21715
21722
21723
21727
21731
21732
21736
21737
21738
21739
21740
21742
21749
21758
21782
21783
21784
21785
21786
21787
21788
21790
21791
21793
21798
21812
21819
21822
21828
21842
21852
21891
21892
21893
21901
21904
21906
21908
21910
21916
21917
21918
21919
21928
21934
21956
21959
21967
21981
21991
22005
22006
22010
22017
22025
22027
22028
22029
22030
22031
22032
22033
22034
22039
22041
22069
22072
22073
22074
22083
22091
22114
22125
22126
22140
22146
22158
22159
22160
22173
22181
22184
22351
22443
22455
22618
22700
22764
23113
23274
23276
23277
23383
23454
23517
23690
23852
24059
24274
24676
25775
25866
25935
26632
26713
26915
27019
27030
27034
27037
27154
27268
27535
27690
28026
28056
28151
28164
28701
28733
28775
29074
29082
29128
29178
29214
29229
29244
29251
29328
29370
29371
29373
29380
29381
29384
29385
29417
29418
29419
29434
29445
29453
29454
29455
29456
29461
29463
29486
29488
29491
29492
29494
29495
29507
29511
29517
29519
29522
29524
29530
29533
29548
29549
29550
29551
29552
29554
29555
29557
29563
29564
29568
29586
29608
29610
29612
29613
29614
29615
29616
29617
29618
29619
29620
29621
29624
29625
29626
29630
29642
29646
29653
29654
29655
29657
29663
29675
29684
29714
29717
29719
29721
29729
29756
29828
29859
29863
29872
29878
29883
29913
29932
29936
29945
29950
29973
29997
30017
30018
30021
30026
30029
30039
30040
30041
30044
30046
30048
30049
30052
30054
30055
30056
30057
30073
30093
30095
30118
30128
30134
30137
30139
30145
30153
30155
30170
30189
30192
30193
30194
30230
30234
30250
30303
30392
30438
30439
30443
30475
30501
30506
30531
30536
30578
30637
30673
30694
30753
30784
30815
30854
30866
30868
30871
30873
30883
30889
30892
30894
30896
30898
30905
30916
30924
30928
30935
30936
30943
30944
30947
30952
30961
30966
30970
30991
30994
31001
31007
31041
31050
31053
31068
31070
31084
31086
31087
31088
31089
31090
31114
31134
31138
31152
31170
31220
31222
31223
31229
31230
31235
31237
31280
31281
31287
31340
31349
31352
31359
31360
31367
31377
31395
31408
31415
31438
31474
31502
31509
31529
31545
31550
31558
31559
31562
31565
31574
31578
31605
31631
31650
31653
31660
31662
31665
31667
31672
31712
31722
31736
31762
31769
31789
31815
31820
31823
31824
31842
31849
31852
31853
31859
31862
31867
31869
31874
31875
31879
31884
31905
31906
31907
31931
31934
31995
32032
32042
32063
32118
32169
32206
32226
32389
32414
32451
32482
32521
32599
32637
32649
32653
32656
32796
32852
32868
32886
33150
33157
33169
33178
33523
33555
33762
33797
34208
34283
34488
34514
34526
34563
34752
34851
34913
34975
35047
35143
35197
35198
35206
35264
35280
35321
35526
35993
36021
36663
36664
37245
37247
37494
37616
37696
38026
38305
38361
38899
39119
39303
39661
39670
39683
39749
39932
39951
39971
40187
40267
40303
40319
40447
40865
40950
41707
42134
42186
42211
42265
42507
42721
42936
43162
43191
43192
43195
43251
43268
43440
44228
44303
44321
44359
44378
44466
44582
44708
44773
44805
44808
45731
46001
46008
46325
46446
46500
46541
46563
46566
46581
46608
46701
46702
46770
46875
46999
47007
47060
47062
47065
47067
47069
47072
47074
47082
47085
47089
47103
47108
47112
47113
47116
47118
47120
47124
47128
47131
47151
47152
47159
47185
47194
47218
47221
47222
47235
47242
47247
47257
47262
47265
47285
47287
47305
47347
47357
47359
47360
47361
47362
47369
47379
47391
47402
47466
47484
47524
47528
47530
47537
47543
47561
47570
47573
47579
47605
47620
47628
47650
47669
47683
47684
47685
47686
47687
47688
47689
47690
47691
47693
47694
47695
47696
47699
47701
47714
47715
47716
47719
47742
47759
47760
47761
47762
47763
47764
47765
47770
47771
47773
47774
47781
47782
47783
47784
47786
47790
47793
47797
47802
47810
47820
47828
47845
47846
47852
47857
47960
48010
48028
48040
48042
48043
48123
48159
48278
48286
48287
48294
48320
48348
48358
48361
48409
48423
48426
48435
48437
48461
48463
48465
48481
48491
48494
48497
48505
48506
48513
48514
48515
48522
48546
48547
48565
48582
48605
48606
48608
48612
48613
48646
48651
48654
48658
48659
48663
48670
48693
48710
48744
48746
48750
48751
48814
48815
48818
48848
48856
48863
48866
48868
48873
48886
48914
48982
49023
49035
49088
49146
49207
49264
49284
49379
49407
49415
49416
49417
49425
49441
49443
49452
49455
49525
49600
49605
49606
49622
49636
49647
49660
49662
49663
49666
49668
49674
49676
49678
49681
49682
49689
49703
49718
49735
49738
49757
49758
49779
49786
49789
49796
49801
49802
49807
49821
49892
49899
49927
49933
49934
49935
49941
49944
49946
49948
49949
49950
49952
49955
49957
49959
49968
49970
49971
49972
49974
49986
50004
50012
50013
50014
50017
50020
50021
50023
50024
50027
50031
50035
50038
50040
50041
50043
50050
50064
50068
50073
50074
50077
50085
50107
50133
50161
50170
50174
50204
50207
50220
50227
50228
50231
50241
50249
50251
50253
50254
50255
50257
50258
50259
50271
50273
50274
50275
50277
50288
50289
50290
50292
50294
50298
50300
50302
50303
50307
50311
50314
50316
50318
50320
50340
50343
50349
50352
50365
50371
50383
50398
50403
50405
50414
50418
50425
50433
50436
50441
50456
50477
50481
50490
50496
50509
50510
50528
50530
50558
50559
50576
50577
50581
50584
50615
50620
50624
50628
50630
50636
50664
50668
50677
50701
50718
50959
50968
50991
51147
51175
51212
51353
51375
51422
51458
51469
51470
51501
51502
51530
51669
51676
51690
51866
51911
51984
52006
52078
52089
52099
52230
52256
52281
52297
52303
52340
52507
52671
52743
52900
53000
53317
53469
53543
53591
53661
54082
54271
54337
54404
54445
54471
54899
55126
55319
55765
55820
55883
56443
56453
56913
57215
57485
57712
58178
58483
58494
58762
58863
59043
59101
59166
59389
59467
59771
60650
60676
60682
60964
61029
61035
61130
61235
61237
61265
61395
61467
61535
61571
61603
61606
61620
61635
61646
61649
61653
61660
61665
61668
61673
61774
61789
61796
61797
62595
62620
62624
62649
62662
63353
63365
63393
63420
63500
63778
63789
63790
63798
63823
63829
63844
63875
63881
63883
63885
63886
63890
63914
63917
63925
63943
63950
63952
63959
63983
63986
64003
64008
64016
64020
64024
64030
64034
64036
64045
64069
64074
64075
64077
64080
64082
64084
64089
64839
64864
64890
64905
64907
64908
64909
64910
64911
64912
64915
64917
64929
64932
64937
64947
64949
64964
64970
64979
64992
65001
65010
65014
65022
65035
65036
65047
65103
65123
65506
65512
65515
65531
65534
65535
65542
65543
65544
65605
65609
65617
65636
65662
65683
65685
65699
65703
65721
65729
65749
65752
65759
65772
65774
65791
65794
65801
65804
65806
65807
65808
65809
65814
65816
65817
65822
65823
65824
65825
65830
65834
65835
65838
65841
65845
65898
65902
65908
65912
65913
65914
65916
65917
65922
65923
65926
65927
65933
65934
65956
65960
65963
65965
65967
65969
65972
65973
65977
65985
65988
65989
65998
65999
66007
66016
66031
66044
66045
66046
66047
66049
66051
66054
66060
66061
66068
66071
66074
66091
66093
66099
66106
66125
66128
66129
66133
66135
66137
66138
66139
66140
66141
66145
66148
66153
66159
66176
66180
66181
66182
66183
66184
66189
66196
66202
66205
66207
66212
66215
66219
66224
66225
66227
66233
66234
66241
66250
66251
66258
66266
66272
66279
66280
66287
66289
66304
66328
66999
67055
67104
67150
67151
67218
67227
67234
67237
67243
67244
67246
67267
67268
67295
67300
67304
67306
67321
67326
67339
67346
67348
67350
67351
67352
67353
67354
67359
67369
67375
67384
67395
67468
67532
67537
67540
67542
67544
67545
67546
67551
67553
67554
67557
67558
67559
67566
67582
67583
67593
67598
67599
67602
67604
67626
67634
67641
67644
67646
67650
67659
67660
67671
67673
67681
67687
67689
67717
67725
67734
67767
67808
67836
67837
67838
67839
67842
67843
67844
67859
67863
67865
67866
67868
67869
67870
67875
67876
67878
67881
67905
67926
67932
67936
67937
67965
67976
67980
67994
68004
68005
68006
68007
68019
68023
68039
68044
68046
68052
68060
68076
68136
68147
68148
68149
68150
68161
68182
68183
68184
68185
68193
68201
68237
68257
68281
68318
68321
68344
68364
68382
68435
68448
68466
68467
68482
68487
68498
68584
68614
68712
68732
68735
68740
68743
68813
68823
68844
68900
68908
68921
68930
68935
68948
68978
68981
68983
68986
69025
69067
69142
69217
69317
69414
69425
69426
69558
69598
69638
69688
69728
70087
70088
70090
70096
70109
70113
70135
70169
70170
70307
70360
70482
70677
70695
70989
71048
71205
71209
71252
71257
71259
71266
71295
71304
71309
71406
71411
71474
71488
71495
71496
71534
71553
71644
71659
71663
71745
71764
71800
71804
71849
71975
71981
71986
72163
72164
72228
72277
72331
72386
72387
72579
72720
72960
72981
73000
73003
73159
73326
73506
73798
73852
73885
73973
74231
74315
74525
74990
75333
75334
75335
75348
75427
75882
75958
76054
76171
76174
76175
76179
76578
76602
76686
77024
77129
77244
77398
77575
78312
78529
78834
78850
78867
78892
78919
78928
78932
78933
78974
78977
79061
79074
79157
79163
79166
79224
79285
79317
79342
79346
79365
79398
79400
79408
79438
79439
79448
79470
79490
79499
79698
79701
79705
79721
79737
79778
79791
79808
79815
79816
79819
79820
79821
79822
79823
79824
79825
79826
79845
79859
79868
79876
79886
79888
79899
79918
79919
79923
79942
79955
79964
79978
79982
79985
79994
79996
80008
80010
80047
80064
80078
80106
80113
80158
80191
80194
80198
80199
80202
80205
80209
80218
80229
80240
80263
80266
80297
80304
80306
80310
80313
80314
80323
80327
80337
80342
80343
80393
80395
80437
80466
80470
80472
80491
80497
80523
80562
80604
80606
80625
80628
80630
80632
80633
80667
80675
81023
81095
81156
81442
81479
81520
81530
81531
81555
81622
81666
81738
81837
81838
81847
81850
81879
81886
81888
81890
81891
81892
81901
81902
81903
81905
81908
81909
81914
81916
81921
81939
81940
81941
81942
81943
81944
81948
81949
81953
81957
81958
81963
81986
81987
81991
81999
82015
82039
82052
82053
82060
82063
82068
82082
82095
82097
82112
82113
82120
82130
82138
82144
82146
82147
82158
82162
82163
82165
82169
82171
82172
82173
82174
82175
82189
82203
82206
82208
82209
82210
82211
82213
82253
82322
82437
82556
82631
82761
83227
84088
84156
84214
84378
84403
85661
85734
85810
85830
85876
85949
86005
86007
86016
86027
86037
86041
86042
86043
86058
86065
86074
86076
86081
86093
86094
86100
86101
86103
86105
86107
86114
86131
86140
86148
86149
86189
86190
86192
86202
86203
86206
86211
86212
86213
86214
86231
86233
86238
86239
86248
86249
86259
86263
86267
86269
86280
86297
86320
86321
86324
86325
86328
86329
86338
86340
86346
86350
86353
86356
86389
86395
86396
86401
86402
86404
86405
86411
86413
86414
86417
86418
86420
86421
86423
86425
86426
86427
86428
86429
86430
86436
86439
86442
86449
86450
86451
86453
86455
86456
86457
86458
86459
86460
86470
86478
86485
86507
86510
86512
86515
86521
86522
86524
86525
86528
86529
86535
86542
86543
86549
86550
86551
86572
86573
86578
86597
86598
86599
86600
86601
86603
86630
86636
86644
86647
86651
86670
86676
86680
86683
86714
86729
86747
86749
86750
86757
86761
86765
86779
86780
86797
86800
86801
86802
86837
86865
86867
86938
86943
86962
87000
87014
87022
87088
87106
87153
87167
87170
87174
87176
87209
87236
87264
87370
87380
87388
87416
87489
87494
87500
87506
87523
87526
87528
87530
87563
87568
87573
87575
87580
87586
87598
87607
87608
87618
87664
87670
87703
87842
87854
87857
87876
87894
87905
87909
87911
87933
87955
88032
88035
88038
88058
88071
88092
88107
88126
88167
88216
88232
88317
88319
88378
88384
88397
88425
88439
88466
88472
88481
88501
88503
88509
88538
88541
88543
88545
88558
88569
88590
88591
88606
88732
88764
88799
88941
89068
89082
89213
89485
89495
89678
89712
89766
89842
89855
89898
90050
90058
90374
90530
90746
90762
90949
91095
91152
91153
91198
91486
91661
91938
92014
92025
92065
92285
92738
92973
92993
93002
93003
93005
93007
93008
93015
93046
93054
93056
93057
93059
93060
93062
93063
93068
93074
93079
93080
93102
93103
93114
93147
93152
93163
93172
93183
93186
93189
93408
93626
93633
93637
93638
93642
93654
93656
93682
93685
93688
93691
93693
93695
93706
93708
93709
93710
93714
93715
93716
93717
93734
93735
93748
93750
93751
93753
93769
93817
94147
94577
94578
94595
94670
94706
94788
94805
94806
94847
94854
94869
94911
94912
94915
94962
94996
95043
95055
95078
95080
95085
95090
95094
95096
95298
95319
95407
95408
95410
95488
95511
96048
96162
96171
96176
96227
96235
96236
96237
96238
96243
96265
96272
96275
96285
96288
96290
96291
96343
96621
96955
97276
97294
97314
97315
97321
97322
97329
97334
97336
97337
97338
97342
97343
97344
97350
97354
97360
97362
97394
97395
97411
97415
97436
97456
97517
97520
97521
97526
97527
97533
97534
97554
97564
97576
97598
97604
97608
97613
97634
97635
97639
97698
97738
97798
98027
98033
98070
98132
98147
98390
98829
99155
99754
99770
99788
99841
99843
99844
99845
99846
99847
99850
99852
99875
99897
99911
99923
99924
99925
99926
99934
99935
99944
99946
99984
99986
100015
100026
100039
100040
100041
100049
100055
100066
100078
100080
100081
100091
100099
100118
100171
100174
100175
100184
100193
100202
100203
100217
100230
100231
100235
100236
100237
100238
100243
100245
100249
100264
100273
100277
100279
100281
100287
100293
100295
100297
100308
100310
100321
100410
100540
100635
100723
100782
100786
100871
100910
100990
101215
101330
101392
101918
102047
102052
102291
102359
102361
102369
102375
102379
102383
102389
102496
102500
102503
102510
102526
102572
102573
102600
102602
102605
102614
102618
102620
102623
102627
102631
102633
102637
102639
102641
102653
102654
102661
102666
102667
102671
102674
102678
102771
102789
102791
102792
102793
102815
102817
102819
102820
102821
102822
102824
102826
102837
102847
102857
102859
102869
102880
102884
102885
102896
102898
102899
102907
102963
102975
102997
103031
103055
103111
103121
103131
103220
103234
103288
103291
103345
103384
103389
103393
103414
103430
103481
103495
103527
103606
103865
103872
104013
104035
104489
104494
104572
104636
104637
104642
104644
104661
104670
104676
104685
104686
104688
104689
104704
104848
104852
104907
104915
104916
104920
104926
104934
104943
104944
105032
105458
105478
105480
105488
105492
105501
105508
105509
105510
105511
105513
105514
105518
105523
105528
105533
105536
105544
105545
105548
105549
105550
105551
105552
105555
105558
105563
105569
105574
105576
105583
105586
105597
105663
105678
105697
105928
105944
105953
105957
105966
105967
105972
105997
106006
106047
106057
106080
106116
106158
106160
106259
106275
106287
106310
106315
106353
106357
106412
106438
106622
