8
21
40
45
52
53
67
111
122
153
239
310
311
339
342
438
652
681
772
814
1000
1074
1206
1216
1221
1276
1285
1295
1363
1466
1501
1518
1521
1522
1526
1528
1530
1533
1548
1560
1580
1705
1752
1786
2078
2200
2327
2339
2383
2478
2509
2529
2586
2769
2770
2868
2941
3094
3690
4613
4772
4786
4910
4945
5086
5124
5128
5141
5182
5185
5188
5207
5212
5217
5230
5265
5267
5272
5279
5293
5294
5344
5453
5530
5534
5546
5558
5594
5595
5753
5790
5863
5889
5899
6205
6253
6296
6379
6400
6522
6590
6681
6696
6752
6846
6871
6961
7100
7179
7235
7448
7582
7872
7873
7874
7917
7918
8011
8012
8035
8041
8043
8053
8054
8056
8097
8100
8103
8109
8110
8111
8118
8120
8122
8128
8130
8144
8158
8159
8163
8167
8177
8204
8297
8446
8448
8456
8459
8672
8886
8975
9031
9135
9174
9180
9191
9197
9213
9221
9256
9264
9265
9266
9269
9271
9380
9394
9458
9591
9817
9851
9883
9997
10009
10034
10115
10595
10788
11043
11436
11452
11555
11610
11842
11900
11982
12283
12373
12380
12490
12605
12616
12728
12767
12769
12772
12782
12937
12994
13027
13097
13302
13335
13344
13409
13497
13543
13648
13737
13760
13786
14119
14201
14249
14276
14298
14344
14438
14485
14527
14556
14644
14645
14646
14647
14653
14655
14656
14660
14690
14693
14695
14696
14702
14765
14780
14833
14857
14871
14901
14916
14938
14982
15011
15094
15231
15432
15620
15646
15722
15841
16060
16087
16114
16273
16620
16669
16695
16967
17037
17142
17190
17294
17818
17880
18187
18384
19560
19625
19670
19934
19938
19939
20112
20148
20239
20244
20253
20505
20531
20534
20580
20584
20595
20663
20719
20778
20911
20914
20944
20951
21021
21207
21214
21308
21365
21406
21472
21486
21491
21507
21509
21524
21526
21535
21556
21678
21724
21852
21908
21931
21955
22195
22201
22216
22250
22274
22538
22582
22618
22625
22700
22810
22822
22898
22900
22910
22920
22922
22923
22928
22930
22936
22956
22968
22972
22980
22992
23011
23072
23143
23397
23576
23754
23837
23865
23912
23958
24056
24344
24348
24350
24351
24352
24353
24367
24371
24372
24376
24381
24382
24384
24386
24404
24410
24411
24412
24416
24417
24418
24422
24423
24424
24425
24427
24429
24437
24486
24487
24488
24491
24509
24655
24710
24711
24724
24726
24731
24733
24734
24735
24736
24738
25232
25243
25365
25382
25553
25587
25807
25864
25865
26323
26410
26423
26454
26698
26713
26730
26828
27444
27590
27778
27802
27808
27815
27818
27953
27977
27994
28017
28069
28071
28200
28324
28332
28445
28506
28598
28846
28875
28993
29017
29062
29290
29335
29402
29417
29482
29539
29670
29682
29686
29687
29689
29704
29726
29735
29736
29737
29744
29759
29760
29763
29865
29938
29982
29988
30130
30202
30208
30309
30312
30342
30363
30375
30401
30417
30452
30516
30585
30671
30719
30724
30796
30804
30827
30950
30952
31007
31011
31113
31149
31506
31521
31569
31584
31585
32005
32034
32055
32469
32493
32519
32525
32535
32553
32710
32715
32831
33043
33044
33107
33112
33114
33115
33120
33160
33198
33205
33206
33207
33210
33211
33212
33213
33532
33863
33983
33997
34630
34666
34794
34812
34815
34843
34865
35021
35025
35125
35169
35197
35205
35241
35273
35274
35431
35605
35622
35681
35821
35939
35993
36156
36444
36445
36446
36645
36664
37513
37597
37840
37991
38013
38091
38140
38222
38258
38421
38985
38993
39036
39099
39100
39102
39105
39107
39113
39122
39124
39144
39158
39170
39210
39217
39373
39376
39381
39417
39421
39450
39472
39473
39475
39476
39479
39486
39489
39774
39777
39778
39784
39791
39794
39804
39812
40054
40073
40074
40076
40077
40087
40098
40117
40127
40128
40129
40137
40157
40158
40159
40160
40206
40207
40208
40210
40213
40216
40223
40257
40258
40260
40268
40494
40688
40999
41275
41355
42831
43026
43066
43076
43077
43096
43428
43440
43470
43800
44240
44895
44917
45100
45129
45134
45139
45177
45237
45286
45307
45367
45374
45412
45414
45591
45715
45942
46378
46412
46446
46447
46472
46478
46502
46506
46507
46510
46554
46608
46616
46647
46667
46701
46702
46732
46733
46744
46761
46769
46770
46791
46796
46872
46874
46875
46939
46940
46963
47023
47031
47032
47093
47320
47414
47494
47523
47579
47738
48053
48073
48086
48301
48310
48377
48385
48391
48392
48394
48402
48442
48584
48692
48743
48891
48893
48939
48947
49298
49303
49359
49361
49362
49363
49425
49526
49622
49669
49673
49682
49737
49762
49769
49775
49808
49810
49814
49815
49978
50030
50061
50187
50381
50658
50837
50901
50945
50959
50960
51085
51171
51172
51191
51231
51268
51370
51375
51376
51378
51379
51380
51381
51386
51387
51429
51430
51432
51434
51457
51466
51467
51471
51473
51474
51476
51477
51501
51675
52029
52184
52329
52358
52359
52425
52623
52679
52686
53422
53661
54051
54063
54560
54712
54722
55038
55216
55223
55224
55328
55401
55583
55914
56950
56969
56984
57247
57256
57371
57485
57616
57622
57638
57696
57712
58061
58250
58345
58495
58624
58866
58875
58878
58879
58882
58894
58901
58908
58914
58943
58944
58947
58957
58959
58961
58962
58964
58965
58976
58983
58984
58987
58992
59000
59001
59011
59018
59022
59063
59116
59126
59161
59214
59288
59312
59322
59431
59520
59748
60291
60351
60702
61077
61115
61223
61237
61257
61292
61348
61380
61426
61430
61447
61464
61467
61571
61645
61699
61738
62409
62429
62430
62436
62442
62443
62444
62455
62468
62476
62486
62493
62550
62551
62956
63039
63167
63280
63465
63557
63589
63706
63898
63906
63907
63911
63935
63972
64034
64154
64221
64230
64308
64334
64335
64672
64687
64694
64783
64793
64862
64922
64937
64970
64976
64999
65203
65216
65263
65300
65304
65306
65307
65398
65409
65420
65421
65508
65538
65556
65557
65575
65605
65683
65857
66131
66251
66611
66682
66695
66698
66702
66716
66727
66737
66774
66778
66804
66816
66937
66943
66950
66956
66965
66972
67001
67048
67143
67144
67151
67156
67162
67170
67176
67199
67233
67349
67563
67629
67675
67898
67914
68052
68076
68128
68129
68383
68423
68562
68572
68603
68621
68805
68877
68933
68980
68989
68993
69012
69162
69166
69215
69241
69256
69266
69442
69443
69495
69513
69534
69581
69583
69588
69594
69602
69605
69614
69619
69634
69694
69727
70041
70099
70181
70364
70546
70588
70682
70796
70811
70951
71004
71005
71155
71272
71279
71463
71465
71486
71515
71520
71556
71557
71592
71628
71681
71834
71841
71864
71865
71868
71871
71872
72281
73046
73059
73111
73119
73189
73256
73270
73548
73695
73895
74364
74624
74639
74656
74756
74757
74761
74766
74767
74768
74769
74787
74792
74796
74857
75008
75065
75471
75539
75541
75549
75588
75589
75590
75591
75593
75671
75679
75681
75696
75730
75733
75749
75751
75753
75759
75766
75767
75777
75780
75784
75792
75797
75798
75800
75801
75814
75815
75849
76126
76196
76206
76219
76222
76224
76246
76372
76428
76501
76636
76846
76850
77177
77495
77790
78089
78157
78402
78425
78665
78831
78841
78854
78861
78892
78919
78928
78929
78974
78991
79228
79261
79287
79290
79294
79295
79313
79329
79330
79342
79367
79370
79393
79414
79423
79467
79628
79717
79755
80018
80066
80229
80474
80484
80684
80762
80807
80965
80966
80970
81245
81248
81270
81465
81479
81480
81511
81512
81532
81649
81736
81757
81764
81775
81918
81958
81959
81966
82165
82257
82526
82537
82539
82541
82555
82570
82905
83074
83079
83084
83088
83104
83171
83339
83397
83425
83468
83471
83664
83892
84789
84816
84817
84982
85140
85577
85623
85953
86146
86290
86334
86505
86558
86565
86881
86978
87091
87122
87226
87287
87305
87354
87367
87393
87490
87638
87757
87758
87760
87761
87762
87763
87765
87766
87767
87770
87776
87818
87848
87931
87943
87965
88191
88271
88284
88332
88646
88859
88870
89140
89322
89540
89584
90058
90105
90642
90875
90970
91006
91564
91886
91905
91923
92067
92969
92971
92980
93137
93168
93172
93173
93175
93183
93202
93208
93319
93358
93401
93667
93719
93732
93831
93895
93970
94138
94165
94175
94176
94180
94185
94196
94231
94312
94335
94337
94341
94389
94452
94650
94704
94801
94816
94915
94946
94966
95037
95052
95088
95655
96040
96042
96149
96258
96264
96308
96343
96379
96380
96389
96535
96574
96579
96580
96581
96582
96587
96591
96593
96600
96627
96628
97078
97080
97139
97159
97161
97190
97206
97321
97363
97374
97404
97447
97482
97498
97676
97814
97829
97830
98084
98214
98529
98588
98605
98638
98719
98752
98771
98772
98862
99563
99573
99609
99752
99758
99770
99788
99977
100033
100065
100107
100167
100168
100169
100218
100219
100362
100405
100414
100495
100496
100502
100512
100513
100514
100595
100874
100878
100879
101444
101673
101674
101678
101681
101971
102018
102061
102149
102157
102169
102364
102368
102389
102400
102560
102577
102600
102719
102735
102750
102772
102781
102836
102923
103035
103042
103235
103268
103289
103385
103426
103451
103747
103797
103933
103935
103936
103969
104058
104068
104073
104075
104076
104082
104095
104138
104220
104489
104502
104546
104559
104627
104706
104838
104846
104993
105052
105080
105419
105560
105659
105696
105921
105982
105983
106007
106090
106169
106357
