1680
1697
1700
2010
9421
9443
9463
9465
9608
9633
9674
9679
9703
9704
9783
9794
10490
16309
16314
16315
16317
16324
16325
16326
16328
16329
16348
16350
16368
16369
16370
16374
16378
16379
16380
16381
16424
16426
16427
16435
16444
16446
16458
16462
16466
16467
16470
16471
16472
16475
16480
16485
16489
16490
16495
16502
16505
16508
16509
16510
16523
16524
16526
16536
16537
16543
16545
16546
16547
16550
16551
16554
16555
16556
16560
16561
16564
16568
16569
16571
16586
16588
16589
16590
16591
16594
16596
16598
16599
16600
16602
16606
16608
16616
16625
16626
16632
16634
16636
16642
16645
16646
16650
16651
16654
16655
16656
16657
16658
16659
16663
16673
16674
16677
16678
16679
16680
16686
16688
16695
16698
16702
16705
16708
16710
16712
16714
16715
16718
16720
16726
16727
16732
16740
16744
16747
16764
16984
16992
16993
16995
17004
17006
17008
17010
17011
17015
17016
17017
17020
17025
17027
17028
17047
17060
17061
17064
17071
17075
17078
17081
17091
17096
17107
17108
17110
17116
17120
17121
17123
17265
17276
17280
17283
17295
17299
17301
17305
17309
17310
17322
17323
17329
17332
17337
17339
17340
17348
17349
17350
17354
17355
17361
17362
17364
17487
17491
17493
17494
17501
17502
17503
17504
17510
17513
17516
17520
17524
17527
17531
17532
17538
17540
17543
17544
17545
17548
17549
17554
17555
17557
17558
17560
17562
17563
17573
17574
17578
17580
17581
17586
17587
17590
17591
17592
17593
17597
17598
17600
17603
17741
17749
17755
17756
17761
17763
17764
17765
17767
17768
17769
17771
17773
17776
17777
17778
17779
17783
17785
17788
17791
17801
17806
17809
17817
17818
17825
17826
17827
17829
17830
17831
17833
17836
17908
17910
17911
17912
17913
17920
17924
17925
17927
17929
17930
17931
17935
17936
17938
17940
17947
17949
17950
17958
17959
17960
17964
17968
17971
17972
17975
17978
17985
17989
17991
17993
17998
18003
18004
18005
18006
18007
18008
18009
18011
18013
18015
18017
18019
18020
18021
18022
18023
18024
18026
18031
18032
18034
18035
18036
18047
18051
18069
18088
18091
18093
18100
18106
18114
18121
18129
18134
18142
18149
18150
18156
18159
18161
18163
18164
18165
18166
18167
18168
18169
18172
18177
18178
18179
18181
18195
18201
18202
18219
18225
18227
18228
18240
18252
18263
18279
18314
18318
18319
18320
18327
18328
18329
18349
18365
18367
18384
18385
18386
18387
18388
18389
18392
18393
18401
18405
18406
18420
18423
18444
18470
18491
18499
18526
18530
18531
18551
18563
18571
23441
26963
27016
27122
27184
27199
27210
27220
28638
28640
28643
28653
28654
28728
28794
28798
31733
31921
32385
32606
34290
34297
34301
34304
34305
34306
34309
34310
34312
34316
34322
34326
34336
34342
34343
34344
34347
34349
34350
34352
34353
34356
34358
34365
34366
34367
34368
34396
34398
34400
34401
34402
34406
34407
35197
35482
35490
35491
35492
35493
35494
35495
35496
35497
35498
35499
35500
35502
35504
35505
35506
35507
35511
35516
35518
35520
35523
35525
35532
35536
35541
35542
35543
35545
35549
35555
35559
35563
35565
35566
35567
35572
35573
35576
35577
35578
35579
35580
35583
35587
35589
35600
35601
35602
35606
35611
35615
35618
35620
35622
35624
35625
35626
35629
35685
35686
35688
35689
35690
35697
35705
35706
35711
35715
35716
35719
35721
35722
35724
35725
35728
35729
35730
35732
35737
35740
35742
35743
35748
35754
35760
35798
35799
35800
35802
35806
35808
35810
35812
35815
35819
35820
35821
35826
35827
35829
35830
35831
35834
35837
35840
35842
35851
35852
35854
35855
35857
35862
35863
35865
35869
35870
35878
35880
35889
35892
35894
35895
35896
35904
35907
35908
35922
35923
35935
35937
35938
35939
35944
35947
35949
35953
35955
35965
35966
35967
35972
35973
35974
35975
35980
35985
35992
35994
36000
36001
36003
36004
36009
36011
36012
36027
36031
36040
36046
36049
36050
36054
36056
36061
36066
36070
36075
36079
36081
36083
36084
36086
36087
36088
36089
36090
36092
36094
36097
36099
36104
36105
36106
36109
36110
36114
36115
36117
36119
36120
36127
36131
36134
36136
36141
36142
36143
36146
36150
36153
36154
36159
36161
36163
36164
36169
36170
36181
36193
36194
36195
36196
36197
36198
36202
36203
36204
36205
36207
36209
36210
36212
36214
36216
36217
36219
36220
36223
36225
36229
36231
36236
36238
36240
36241
36243
36244
36246
36247
36248
36249
36251
36252
36254
36267
36274
36276
36280
36286
36290
36294
36298
36299
36301
36302
36311
36314
36315
36324
36330
36331
36337
36342
36349
36357
36364
36365
36369
36374
36376
36381
36386
36388
36395
36405
36418
36423
36444
36445
36446
36461
36486
36487
36524
36526
36533
36539
36542
36543
36546
36548
36553
36560
36584
36591
36593
36596
36597
36598
36605
36607
36608
36610
36611
36613
36614
36615
36624
36627
36636
36659
36668
36673
36680
36686
36687
36689
36692
36693
36696
36698
36700
36719
36732
36738
36739
36741
36742
36744
36756
36771
36776
36782
36783
36785
36797
36805
36811
36814
36815
36820
36824
36827
36828
36829
36830
36836
36855
36863
36865
36881
36916
36919
36921
36951
36973
36994
37017
37035
37037
37058
43536
43560
43563
43570
43597
43678
44508
44509
44510
44512
44513
44609
45359
47822
48521
48566
50959
53901
53902
53904
53915
53916
53917
53918
53919
53925
54004
54007
54009
54013
54014
54016
54019
54022
54023
54026
54029
54030
54032
54033
54034
54036
54037
54043
54044
54050
54051
54055
54057
54058
54059
54060
54061
54063
54066
54068
54069
54071
54072
54078
54079
54086
54090
54091
54094
54095
54096
54103
54104
54106
54107
54108
54109
54111
54113
54115
54116
54117
54119
54120
54130
54137
54138
54142
54150
54151
54152
54155
54157
54161
54164
54166
54168
54169
54174
54179
54182
54184
54185
54191
54192
54193
54195
54196
54197
54201
54202
54204
54206
54232
54233
54234
54235
54237
54241
54242
54243
54284
54285
54287
54288
54296
54301
54305
54374
54376
54378
54383
54384
54385
54395
54397
54422
54426
54428
54432
54434
54437
54443
54446
54448
54449
54453
54459
54461
54467
54471
54472
54485
54488
54489
54492
54493
54494
54500
54502
54505
54506
54507
54508
54509
54511
54512
54513
54516
54521
54523
54524
54526
54528
54531
54533
54539
54541
54543
54544
54548
54549
54553
54556
54558
54564
54565
54566
54567
54568
54569
54570
54571
54572
54577
54581
54582
54586
54587
54588
54595
54602
54607
54608
54610
54612
54613
54614
54615
54616
54620
54622
54623
54624
54625
54626
54627
54631
54632
54635
54640
54641
54644
54645
54646
54648
54652
54658
54661
54665
54667
54668
54672
54678
54679
54684
54685
54690
54694
54699
54701
54703
54704
54707
54708
54712
54713
54716
54717
54718
54719
54726
54729
54735
54736
54737
54743
54744
54759
54761
54778
54785
54786
54791
54793
54794
54795
54797
54799
54805
54810
54811
54813
54815
54816
54819
54820
54823
54831
54832
54833
54835
54837
54838
54847
54848
54849
54850
54851
54856
54858
54862
54863
54864
54866
54868
54869
54870
54873
54874
54876
54877
54879
54880
54884
54887
54900
54907
54917
54928
54931
54934
54937
54947
54952
54959
54967
54973
54974
54987
54988
54989
54990
54992
54993
54994
54996
54998
55022
55029
55031
55036
55045
55055
55060
55069
55071
55076
55084
55087
55090
55091
55093
55097
55101
55102
55107
55108
55110
55111
55113
55115
55117
55134
55136
55138
55144
55146
55154
55158
55168
55172
55179
55189
55190
55192
55193
55208
55216
55223
55224
55227
55228
55229
55236
55238
55239
55241
55244
55245
55250
55251
55252
55262
55266
55271
55282
55290
55291
55292
55294
55295
55297
55298
55299
55300
55312
55317
55320
55324
55328
55347
55359
55361
55362
55363
55370
55373
55374
55421
55439
55441
55451
55459
55473
55474
55527
55532
55543
55549
55574
55580
55583
55620
55624
55631
55636
55650
55665
55682
59760
59776
59779
59780
59798
59802
59804
59812
59814
60046
60055
60063
60091
60122
62617
63643
63676
63714
64494
66888
72298
72299
72301
72303
72306
72308
72309
72310
72316
72317
72319
72322
72354
72357
72359
72360
72363
72364
72365
72368
72370
72371
72381
72383
72385
72391
72392
72396
72397
72398
72399
72404
72407
72408
72411
72412
72413
72419
72422
72423
72424
72428
72431
72432
72435
72436
72437
72438
72441
72442
72443
72447
72450
72457
72462
72466
72467
72468
72474
72476
72477
72478
72479
72480
72481
72482
72489
72491
72492
72497
72498
72505
72507
72664
72665
72669
72670
72673
72675
72679
72682
72683
72692
72703
72706
72707
72709
72710
72774
72775
72776
72780
72786
72789
72791
72792
72794
72795
72796
72797
72805
72810
72814
72822
72828
72829
72830
72835
72856
72863
72867
72868
72870
72871
72872
72883
72884
72887
72888
72890
72891
72892
72893
72897
72898
72899
72903
72904
72905
72911
72913
72920
72923
72924
72925
72930
72941
72942
72950
72953
72956
72961
72962
72964
72967
72972
72975
72976
72980
72982
72985
72986
72987
72991
72992
72994
73185
73193
73194
73195
73198
73203
73205
73208
73209
73211
73212
73213
73215
73219
73220
73236
73237
73238
73239
73244
73245
73251
73252
73256
73257
73262
73263
73264
73265
73274
73275
73276
73277
73278
73281
73283
73286
73288
73289
73314
73319
73320
73321
73323
73325
73334
73335
73338
73339
73341
73342
73344
73345
73346
73347
73348
73349
73350
73353
73355
73357
73358
73359
73360
73361
73362
73363
73364
73365
73366
73368
73369
73370
73371
73372
73373
73375
73376
73377
73390
73396
73403
73404
73408
73415
73424
73429
73439
73444
73447
73449
73466
73474
73475
73492
73494
73496
73503
73507
73512
73515
73517
73519
73521
73522
73523
73524
73527
73528
73532
73534
73536
73544
73567
73570
73578
73580
73582
73583
73585
73586
73591
73601
73603
73604
73613
73616
73618
73620
73621
73622
73624
73625
73642
73645
73646
73647
73649
73650
73664
73679
73687
73688
73690
73694
73695
73696
73698
73699
73720
73739
73758
73764
73766
73768
73770
73772
73774
73775
73782
73783
73788
73811
73813
73828
73840
73843
73866
73877
73880
73881
73884
73888
73890
73892
73893
73894
73904
73905
73913
73916
73920
73922
73927
73932
73933
73944
73956
73958
73960
73961
73962
73968
73988
73992
73997
74000
74002
74004
74006
74011
74015
74016
74018
74019
74022
74024
74025
74031
74033
74055
74065
74066
74098
74099
74103
74108
74109
74124
74125
74129
74142
74149
74151
74173
74177
74182
74265
74269
74284
74318
74320
74351
74354
74357
74371
74377
84071
84232
84245
84334
84362
85261
85402
85405
85417
85440
85451
85453
85489
85498
85513
85799
85841
87190
87924
89962
91035
91041
91042
91043
91044
91046
91050
91140
91142
91146
91148
91154
91155
91156
91159
91160
91162
91164
91168
91170
91172
91173
91174
91175
91176
91180
91181
91187
91241
91242
91243
91244
91246
91249
91253
91254
91258
91264
91267
91270
91273
91275
91277
91283
91284
91285
91309
91318
91322
91335
91338
91340
91342
91346
91348
91353
91355
91362
91376
91377
91378
91379
91380
91381
91384
91385
91386
91387
91388
91389
91391
91392
91393
91395
91396
91397
91398
91399
91401
91402
91404
91409
91410
91412
91417
91425
91427
91432
91437
91438
91439
91440
91446
91447
91449
91452
91453
91455
91456
91457
91458
91459
91462
91463
91464
91467
91470
91472
91475
91478
91480
91481
91490
91496
91511
91512
91513
91515
91516
91519
91520
91522
91523
91524
91534
91535
91542
91543
91623
91624
91625
91628
91630
91634
91635
91640
91647
91651
91652
91654
91655
91656
91662
91669
91671
91672
91674
91675
91676
91677
91678
91679
91680
91682
91684
91685
91686
91690
91700
91705
91711
91721
91727
91736
91748
91764
91766
91777
91781
91782
91783
91787
91789
91795
91806
91820
91822
91823
91825
91827
91831
91836
91837
91849
91852
91853
91855
91856
91858
91861
91868
91871
91874
91875
91877
91882
91886
91901
91905
91912
91913
91923
91929
91936
91937
91939
91944
91946
91950
91968
91979
91980
91981
91987
92091
92094
92095
92096
92102
92103
92110
92114
92115
92120
92121
92123
92133
92134
92137
92141
92143
92144
92146
92152
92156
92157
92160
92161
92162
92163
92167
92170
92171
92172
92180
92181
92182
92184
92189
92192
92206
92216
92218
92219
92220
92222
92223
92232
92233
92236
92238
92239
92241
92246
92254
92256
92266
92267
92269
92270
92276
92278
92295
92302
92304
92305
92307
92310
92313
92316
92323
92335
92336
92337
92339
92341
92343
92344
92345
92346
92349
92351
92352
92357
92359
92360
92361
92374
92375
92382
92386
92388
92389
92391
92402
92407
92414
92416
92417
92422
92440
92441
92442
92445
92458
92471
92489
92491
92494
92502
92505
92506
92510
92512
92513
92515
92529
92530
92539
92552
92555
92556
92558
92566
92567
92569
92572
92575
92582
92583
92588
92593
92618
92634
92636
92642
92643
92651
92654
92655
92656
92660
92671
92672
92681
92695
92699
92708
92721
92773
92782
92794
92799
92820
92824
92838
92854
92865
92867
92870
92936
94369
94408
95344
95345
95351
95361
95368
95369
95370
95376
95377
95380
95381
95382
95383
95387
95388
95389
95390
95391
95395
95396
95401
95404
95405
95441
95444
95445
95447
95455
95457
95461
95464
95491
95516
95518
95520
95522
95528
95529
95531
95532
95571
95573
95574
95575
95576
95577
95595
95600
95603
95609
95630
95634
95643
95647
95649
95651
95653
95654
95658
95660
95663
95680
95681
95693
95711
95719
95755
95761
95766
96965
96981
96983
97214
97226
97721
97992
97997
97998
97999
98000
98001
98002
98199
98200
98201
98202
98205
98208
98211
98214
98215
98238
98239
98243
98244
98247
98250
98255
98256
98257
98258
98259
98261
98262
98273
98274
98275
98278
98282
98286
98288
98289
98292
98293
98294
98297
98302
98303
98305
98308
98314
98317
98319
98328
98354
98371
98373
98375
98376
98379
98383
98398
98399
98403
98406
98407
98415
98418
98419
98456
98481
99316
99318
99561
99940
100434
100435
100439
100442
100445
100455
100456
100458
100459
100460
100461
100468
100469
100471
100472
100477
100483
100484
100485
100518
100519
100529
100532
100536
100539
100542
100544
100545
100546
100547
100553
100557
100563
100564
100571
100573
100575
100578
100579
100580
100584
100585
100592
100595
100596
100599
100603
100611
100613
100642
100643
100644
100648
100650
100656
100658
100661
100662
100671
100672
100675
100676
100677
100678
100679
100680
100684
100685
100695
100710
100726
100734
100735
100746
101173
101181
101183
101184
101197
101217
102443
103521
103522
103523
103524
103526
103529
103530
103531
103533
103534
103535
103568
103570
103571
103575
103586
103596
103599
103608
103612
103639
103640
103643
103646
103651
103652
103653
103654
103655
103656
103657
103660
103664
103675
103676
103680
103700
103713
103769
103772
103774
103779
103784
103787
103793
103801
103803
103805
103815
103824
103825
103834
103853
103867
105606
105623
105624
105633
105639
105649
105775
105777
105779
105787
105789
105790
105795
105799
105801
105805
105806
105808
105811
105815
105817
105821
105823
105832
105842
105850
105851
105863
106462
106463
106464
106465
106466
106473
106479
106495
106496
106497
106498
106499
106500
106501
106504
106508
106515
106517
106520
106526
106535
106536
106544
106546
106566
106570
106584
106587
106588
